{
    "camera_angle_x": 0.06844497472047806,
    "frames": [
        {
            "file_path": "./train/r_000",
            "transform_matrix": [
                [
                    0.8512090444564819,
                    -0.29709136486053467,
                    0.4326426088809967,
                    29.02256202697754
                ],
                [
                    0.5248267650604248,
                    0.4818482995033264,
                    -0.7016969323158264,
                    -47.071285247802734
                ],
                [
                    0.0,
                    0.8243536949157715,
                    0.566074788570404,
                    37.973472595214844
                ],
                [
                    0.0,
                    0.0,
                    0.0,
                    1.0
                ]
            ]
        },
        {
            "file_path": "./train/r_001",
            "transform_matrix": [
                [
                    -0.4582570791244507,
                    0.6544903516769409,
                    -0.6013671159744263,
                    -40.3409538269043
                ],
                [
                    -0.8888199329376221,
                    -0.33744165301322937,
                    0.31005236506462097,
                    20.79895782470703
                ],
                [
                    -1.4901164746561335e-08,
                    0.6765909194946289,
                    0.7363585829734802,
                    49.39646530151367
                ],
                [
                    0.0,
                    0.0,
                    0.0,
                    1.0
                ]
            ]
        },
        {
            "file_path": "./train/r_002",
            "transform_matrix": [
                [
                    0.16485291719436646,
                    0.15509401261806488,
                    -0.9740474224090576,
                    -65.34111785888672
                ],
                [
                    -0.9863181710243225,
                    0.025922369211912155,
                    -0.16280201077461243,
                    -10.921095848083496
                ],
                [
                    0.0,
                    0.9875594973564148,
                    0.15724535286426544,
                    10.548343658447266
                ],
                [
                    0.0,
                    0.0,
                    0.0,
                    1.0
                ]
            ]
        },
        {
            "file_path": "./train/r_003",
            "transform_matrix": [
                [
                    -0.959746778011322,
                    -0.18595826625823975,
                    0.21048709750175476,
                    14.119903564453125
                ],
                [
                    0.2808651030063629,
                    -0.6354396939277649,
                    0.7192573547363281,
                    48.24925231933594
                ],
                [
                    0.0,
                    0.7494238018989563,
                    0.6620906591415405,
                    44.414390563964844
                ],
                [
                    0.0,
                    0.0,
                    0.0,
                    1.0
                ]
            ]
        },
        {
            "file_path": "./train/r_004",
            "transform_matrix": [
                [
                    -0.999408483505249,
                    -0.01715327426791191,
                    0.02980640158057213,
                    1.9994747638702393
                ],
                [
                    0.03438977897167206,
                    -0.4984948933124542,
                    0.8662100434303284,
                    58.107147216796875
                ],
                [
                    9.313225746154785e-10,
                    0.8667228817939758,
                    0.49878981709480286,
                    33.45984649658203
                ],
                [
                    0.0,
                    0.0,
                    0.0,
                    1.0
                ]
            ]
        },
        {
            "file_path": "./train/r_005",
            "transform_matrix": [
                [
                    -0.6850508451461792,
                    0.5325678586959839,
                    -0.4970681965351105,
                    -33.3443489074707
                ],
                [
                    -0.7284952402114868,
                    -0.5008077621459961,
                    0.4674251079559326,
                    31.3558292388916
                ],
                [
                    -1.4901161193847656e-08,
                    0.6823218464851379,
                    0.7310519218444824,
                    49.04045486450195
                ],
                [
                    0.0,
                    0.0,
                    0.0,
                    1.0
                ]
            ]
        },
        {
            "file_path": "./train/r_006",
            "transform_matrix": [
                [
                    0.6733068823814392,
                    0.2733660340309143,
                    -0.6869707703590393,
                    -46.083404541015625
                ],
                [
                    -0.7393631935119629,
                    0.24894294142723083,
                    -0.6255952715873718,
                    -41.966209411621094
                ],
                [
                    1.4901161193847656e-08,
                    0.9291384816169739,
                    0.36973175406455994,
                    24.8023624420166
                ],
                [
                    0.0,
                    0.0,
                    0.0,
                    1.0
                ]
            ]
        },
        {
            "file_path": "./train/r_007",
            "transform_matrix": [
                [
                    0.9686792492866516,
                    -0.11097501963376999,
                    0.22213773429393768,
                    14.901453018188477
                ],
                [
                    0.24831563234329224,
                    0.43291351199150085,
                    -0.8665592074394226,
                    -58.13056182861328
                ],
                [
                    0.0,
                    0.8945775032043457,
                    0.44691145420074463,
                    29.979734420776367
                ],
                [
                    0.0,
                    0.0,
                    0.0,
                    1.0
                ]
            ]
        },
        {
            "file_path": "./train/r_008",
            "transform_matrix": [
                [
                    0.9341943264007568,
                    0.21597377955913544,
                    -0.28396499156951904,
                    -19.048965454101562
                ],
                [
                    -0.35676443576812744,
                    0.565531313419342,
                    -0.7435675263404846,
                    -49.88006591796875
                ],
                [
                    1.4901161193847656e-08,
                    0.7959457635879517,
                    0.6053674221038818,
                    40.60931396484375
                ],
                [
                    0.0,
                    0.0,
                    0.0,
                    1.0
                ]
            ]
        },
        {
            "file_path": "./train/r_009",
            "transform_matrix": [
                [
                    -0.17197585105895996,
                    0.17785142362117767,
                    0.9689134359359741,
                    64.99668884277344
                ],
                [
                    0.9851012229919434,
                    0.031048735603690147,
                    0.16914983093738556,
                    11.346915245056152
                ],
                [
                    1.862645149230957e-09,
                    0.983567476272583,
                    -0.1805412620306015,
                    -12.111076354980469
                ],
                [
                    0.0,
                    0.0,
                    0.0,
                    1.0
                ]
            ]
        },
        {
            "file_path": "./train/r_010",
            "transform_matrix": [
                [
                    -0.17230725288391113,
                    0.40484821796417236,
                    -0.8980015516281128,
                    -60.23982620239258
                ],
                [
                    -0.9850432276725769,
                    -0.0708174929022789,
                    0.15708161890506744,
                    10.537364959716797
                ],
                [
                    -7.450580596923828e-09,
                    0.9116374254226685,
                    0.4109950661659241,
                    27.570411682128906
                ],
                [
                    0.0,
                    0.0,
                    0.0,
                    1.0
                ]
            ]
        },
        {
            "file_path": "./train/r_011",
            "transform_matrix": [
                [
                    0.4254758954048157,
                    0.48219338059425354,
                    -0.7658065557479858,
                    -51.37187957763672
                ],
                [
                    -0.9049702286720276,
                    0.226705402135849,
                    -0.36004742980003357,
                    -24.152721405029297
                ],
                [
                    -1.4901168299275014e-08,
                    0.8462234735488892,
                    0.5328279733657837,
                    35.743194580078125
                ],
                [
                    0.0,
                    0.0,
                    0.0,
                    1.0
                ]
            ]
        },
        {
            "file_path": "./train/r_012",
            "transform_matrix": [
                [
                    -0.13731585443019867,
                    0.4613712430000305,
                    -0.8765164017677307,
                    -58.79850769042969
                ],
                [
                    -0.9905273914337158,
                    -0.06395944952964783,
                    0.12151063233613968,
                    8.1511812210083
                ],
                [
                    0.0,
                    0.8848986625671387,
                    0.4657834470272064,
                    31.245702743530273
                ],
                [
                    0.0,
                    0.0,
                    0.0,
                    1.0
                ]
            ]
        },
        {
            "file_path": "./train/r_013",
            "transform_matrix": [
                [
                    0.22583527863025665,
                    0.5382599830627441,
                    -0.8119572997093201,
                    -54.467750549316406
                ],
                [
                    -0.9741654992103577,
                    0.1247817650437355,
                    -0.1882314682006836,
                    -12.626951217651367
                ],
                [
                    0.0,
                    0.8334901332855225,
                    0.5525344014167786,
                    37.06513595581055
                ],
                [
                    0.0,
                    0.0,
                    0.0,
                    1.0
                ]
            ]
        },
        {
            "file_path": "./train/r_014",
            "transform_matrix": [
                [
                    0.9693766236305237,
                    0.04390077292919159,
                    0.24162301421165466,
                    16.208572387695312
                ],
                [
                    0.24557894468307495,
                    -0.17329001426696777,
                    -0.9537612795829773,
                    -63.98028564453125
                ],
                [
                    0.0,
                    0.9838919639587402,
                    -0.17876428365707397,
                    -11.991878509521484
                ],
                [
                    0.0,
                    0.0,
                    0.0,
                    1.0
                ]
            ]
        },
        {
            "file_path": "./train/r_015",
            "transform_matrix": [
                [
                    -0.7751701474189758,
                    0.10473255813121796,
                    -0.6230114698410034,
                    -41.79288101196289
                ],
                [
                    -0.6317538022994995,
                    -0.12850821018218994,
                    0.7644432187080383,
                    51.28041076660156
                ],
                [
                    7.450586814172766e-09,
                    0.9861623644828796,
                    0.16578082740306854,
                    11.120916366577148
                ],
                [
                    0.0,
                    0.0,
                    0.0,
                    1.0
                ]
            ]
        },
        {
            "file_path": "./train/r_016",
            "transform_matrix": [
                [
                    -0.8592968583106995,
                    0.24808041751384735,
                    -0.44728657603263855,
                    -30.00490951538086
                ],
                [
                    -0.5114777684211731,
                    -0.4167819619178772,
                    0.7514538168907166,
                    50.409080505371094
                ],
                [
                    0.0,
                    0.8744992017745972,
                    0.48502662777900696,
                    32.536590576171875
                ],
                [
                    0.0,
                    0.0,
                    0.0,
                    1.0
                ]
            ]
        },
        {
            "file_path": "./train/r_017",
            "transform_matrix": [
                [
                    0.10000763833522797,
                    -0.691528856754303,
                    0.7153923511505127,
                    47.98998260498047
                ],
                [
                    0.9949866533279419,
                    0.06950662285089493,
                    -0.07190518081188202,
                    -4.823546886444092
                ],
                [
                    0.0,
                    0.7189970016479492,
                    0.6950131058692932,
                    46.622901916503906
                ],
                [
                    0.0,
                    0.0,
                    0.0,
                    1.0
                ]
            ]
        },
        {
            "file_path": "./train/r_018",
            "transform_matrix": [
                [
                    -0.6823626756668091,
                    0.2784935534000397,
                    0.6758865118026733,
                    45.33984375
                ],
                [
                    0.7310138940811157,
                    0.259958952665329,
                    0.6309041976928711,
                    42.32234191894531
                ],
                [
                    0.0,
                    0.9245878458023071,
                    -0.38096892833709717,
                    -25.55617332458496
                ],
                [
                    0.0,
                    0.0,
                    0.0,
                    1.0
                ]
            ]
        },
        {
            "file_path": "./train/r_019",
            "transform_matrix": [
                [
                    -0.8454540371894836,
                    0.06280098855495453,
                    -0.5303428173065186,
                    -35.57647705078125
                ],
                [
                    -0.5340481400489807,
                    -0.09942052513360977,
                    0.8395880460739136,
                    56.3212776184082
                ],
                [
                    0.0,
                    0.9930616617202759,
                    0.11759424954652786,
                    7.888462066650391
                ],
                [
                    0.0,
                    0.0,
                    0.0,
                    1.0
                ]
            ]
        },
        {
            "file_path": "./train/r_020",
            "transform_matrix": [
                [
                    -0.726276159286499,
                    -0.4757304787635803,
                    0.4961889982223511,
                    33.285369873046875
                ],
                [
                    0.6874030828475952,
                    -0.5026333332061768,
                    0.5242487788200378,
                    35.16767883300781
                ],
                [
                    1.4901161193847656e-08,
                    0.7218312621116638,
                    0.6920691132545471,
                    46.42540740966797
                ],
                [
                    0.0,
                    0.0,
                    0.0,
                    1.0
                ]
            ]
        },
        {
            "file_path": "./train/r_021",
            "transform_matrix": [
                [
                    -0.049120672047138214,
                    0.48158568143844604,
                    -0.8750213384628296,
                    -58.69821548461914
                ],
                [
                    -0.9987929463386536,
                    -0.02368439920246601,
                    0.043033577501773834,
                    2.886780261993408
                ],
                [
                    0.0,
                    0.8760788440704346,
                    0.4821677803993225,
                    32.34479904174805
                ],
                [
                    0.0,
                    0.0,
                    0.0,
                    1.0
                ]
            ]
        },
        {
            "file_path": "./train/r_022",
            "transform_matrix": [
                [
                    -0.788378119468689,
                    0.23955564200878143,
                    -0.5666326880455017,
                    -38.01090621948242
                ],
                [
                    -0.6151911020278931,
                    -0.3069947361946106,
                    0.7261496782302856,
                    48.711639404296875
                ],
                [
                    0.0,
                    0.9210686087608337,
                    0.38940009474754333,
                    26.12177085876465
                ],
                [
                    0.0,
                    0.0,
                    0.0,
                    1.0
                ]
            ]
        },
        {
            "file_path": "./train/r_023",
            "transform_matrix": [
                [
                    -0.655225396156311,
                    -0.463276743888855,
                    0.5967033505439758,
                    40.028076171875
                ],
                [
                    0.755434513092041,
                    -0.40182268619537354,
                    0.5175501108169556,
                    34.718318939208984
                ],
                [
                    0.0,
                    0.7898815274238586,
                    0.6132592558860779,
                    41.1386833190918
                ],
                [
                    0.0,
                    0.0,
                    0.0,
                    1.0
                ]
            ]
        },
        {
            "file_path": "./train/r_024",
            "transform_matrix": [
                [
                    -0.4870275855064392,
                    -0.19099938869476318,
                    0.8522456288337708,
                    57.17041015625
                ],
                [
                    0.8733866810798645,
                    -0.10650720447301865,
                    0.4752386510372162,
                    31.87999725341797
                ],
                [
                    7.450581485102248e-09,
                    0.9757947325706482,
                    0.21868814527988434,
                    14.670055389404297
                ],
                [
                    0.0,
                    0.0,
                    0.0,
                    1.0
                ]
            ]
        },
        {
            "file_path": "./train/r_025",
            "transform_matrix": [
                [
                    0.977232813835144,
                    -0.14384186267852783,
                    0.15596652030944824,
                    10.46255874633789
                ],
                [
                    0.21216990053653717,
                    0.6625208854675293,
                    -0.7183658480644226,
                    -48.18947219848633
                ],
                [
                    0.0,
                    0.7351025342941284,
                    0.6779556274414062,
                    45.47867202758789
                ],
                [
                    0.0,
                    0.0,
                    0.0,
                    1.0
                ]
            ]
        },
        {
            "file_path": "./train/r_026",
            "transform_matrix": [
                [
                    -0.7214740514755249,
                    0.1952255517244339,
                    -0.6643508672714233,
                    -44.566017150878906
                ],
                [
                    -0.692441463470459,
                    -0.20341095328330994,
                    0.6922056674957275,
                    46.4345703125
                ],
                [
                    0.0,
                    0.9594326019287109,
                    0.28193795680999756,
                    18.912975311279297
                ],
                [
                    0.0,
                    0.0,
                    0.0,
                    1.0
                ]
            ]
        },
        {
            "file_path": "./train/r_027",
            "transform_matrix": [
                [
                    0.9969184398651123,
                    0.03363832086324692,
                    -0.07086680829524994,
                    -4.753891468048096
                ],
                [
                    -0.07844516634941101,
                    0.4274917542934418,
                    -0.900609016418457,
                    -60.414710998535156
                ],
                [
                    1.862645149230957e-09,
                    0.9033932089805603,
                    0.42881301045417786,
                    28.765661239624023
                ],
                [
                    0.0,
                    0.0,
                    0.0,
                    1.0
                ]
            ]
        },
        {
            "file_path": "./train/r_028",
            "transform_matrix": [
                [
                    -0.9920707941055298,
                    -0.002638590754941106,
                    0.12565241754055023,
                    8.429025650024414
                ],
                [
                    0.12568019330501556,
                    -0.020828016102313995,
                    0.9918516278266907,
                    66.53546905517578
                ],
                [
                    0.0,
                    0.9997790455818176,
                    0.020994486287236214,
                    1.4083538055419922
                ],
                [
                    0.0,
                    0.0,
                    0.0,
                    1.0
                ]
            ]
        },
        {
            "file_path": "./train/r_029",
            "transform_matrix": [
                [
                    0.7971031069755554,
                    0.11238894611597061,
                    -0.5932921767234802,
                    -39.799259185791016
                ],
                [
                    -0.6038437485694885,
                    0.14835885167121887,
                    -0.783174455165863,
                    -52.53695297241211
                ],
                [
                    0.0,
                    0.9825264811515808,
                    0.1861225813627243,
                    12.485485076904297
                ],
                [
                    0.0,
                    0.0,
                    0.0,
                    1.0
                ]
            ]
        },
        {
            "file_path": "./train/r_030",
            "transform_matrix": [
                [
                    -0.7585018873214722,
                    -0.1700582206249237,
                    0.6290906667709351,
                    42.20068359375
                ],
                [
                    0.6516708135604858,
                    -0.197936549782753,
                    0.7322200536727905,
                    49.11881637573242
                ],
                [
                    0.0,
                    0.965350329875946,
                    0.260957270860672,
                    17.50554656982422
                ],
                [
                    0.0,
                    0.0,
                    0.0,
                    1.0
                ]
            ]
        },
        {
            "file_path": "./train/r_031",
            "transform_matrix": [
                [
                    -0.7580074667930603,
                    -0.25726237893104553,
                    0.5993667840957642,
                    40.206756591796875
                ],
                [
                    0.6522458791732788,
                    -0.29897743463516235,
                    0.6965540051460266,
                    46.72627639770508
                ],
                [
                    1.4901161193847656e-08,
                    0.9189279079437256,
                    0.3944253623485565,
                    26.458866119384766
                ],
                [
                    0.0,
                    0.0,
                    0.0,
                    1.0
                ]
            ]
        },
        {
            "file_path": "./train/r_032",
            "transform_matrix": [
                [
                    -0.6085022687911987,
                    0.13000483810901642,
                    0.782830536365509,
                    52.51387405395508
                ],
                [
                    0.7935522198677063,
                    0.09968877583742142,
                    0.6002808213233948,
                    40.26806640625
                ],
                [
                    -7.450581485102248e-09,
                    0.9864886403083801,
                    -0.16382652521133423,
                    -10.989818572998047
                ],
                [
                    0.0,
                    0.0,
                    0.0,
                    1.0
                ]
            ]
        },
        {
            "file_path": "./train/r_033",
            "transform_matrix": [
                [
                    0.6469957232475281,
                    -0.34141385555267334,
                    0.6817865371704102,
                    45.735633850097656
                ],
                [
                    0.762493371963501,
                    0.28969866037368774,
                    -0.5785138607025146,
                    -38.807891845703125
                ],
                [
                    1.4901156752955558e-08,
                    0.8941540122032166,
                    0.44775962829589844,
                    30.036630630493164
                ],
                [
                    0.0,
                    0.0,
                    0.0,
                    1.0
                ]
            ]
        },
        {
            "file_path": "./train/r_034",
            "transform_matrix": [
                [
                    0.7786893844604492,
                    -0.07696021348237991,
                    0.6226708889007568,
                    41.770084381103516
                ],
                [
                    0.6274095177650452,
                    0.09551671892404556,
                    -0.7728081345558167,
                    -51.84160614013672
                ],
                [
                    -3.725290298461914e-09,
                    0.9924482703208923,
                    0.12266329675912857,
                    8.228513717651367
                ],
                [
                    0.0,
                    0.0,
                    0.0,
                    1.0
                ]
            ]
        },
        {
            "file_path": "./train/r_035",
            "transform_matrix": [
                [
                    -0.9951015114784241,
                    0.009354074485599995,
                    0.09842413663864136,
                    6.602494716644287
                ],
                [
                    0.09886778146028519,
                    0.09414850920438766,
                    0.9906363487243652,
                    66.45393371582031
                ],
                [
                    0.0,
                    0.9955142140388489,
                    -0.0946120098233223,
                    -6.346769332885742
                ],
                [
                    0.0,
                    0.0,
                    0.0,
                    1.0
                ]
            ]
        },
        {
            "file_path": "./train/r_036",
            "transform_matrix": [
                [
                    -0.7688243985176086,
                    0.1678040474653244,
                    -0.6170499920845032,
                    -41.392974853515625
                ],
                [
                    -0.6394598484039307,
                    -0.20175127685070038,
                    0.7418809533119202,
                    49.76689147949219
                ],
                [
                    0.0,
                    0.9649550318717957,
                    0.2624152600765228,
                    17.60335350036621
                ],
                [
                    0.0,
                    0.0,
                    0.0,
                    1.0
                ]
            ]
        },
        {
            "file_path": "./train/r_037",
            "transform_matrix": [
                [
                    -0.2421819567680359,
                    0.6732888221740723,
                    -0.6985914707183838,
                    -46.862945556640625
                ],
                [
                    -0.9702308773994446,
                    -0.16806145012378693,
                    0.17437730729579926,
                    11.697586059570312
                ],
                [
                    -7.450580596923828e-09,
                    0.7200261354446411,
                    0.693946897983551,
                    46.55137634277344
                ],
                [
                    0.0,
                    0.0,
                    0.0,
                    1.0
                ]
            ]
        },
        {
            "file_path": "./train/r_038",
            "transform_matrix": [
                [
                    -0.36583057045936584,
                    -0.31000789999961853,
                    -0.877532422542572,
                    -58.86666488647461
                ],
                [
                    -0.9306815266609192,
                    0.12185731530189514,
                    0.34493881464004517,
                    23.139198303222656
                ],
                [
                    -1.4901161193847656e-08,
                    0.9428922533988953,
                    -0.3330977261066437,
                    -22.34487533569336
                ],
                [
                    0.0,
                    0.0,
                    0.0,
                    1.0
                ]
            ]
        },
        {
            "file_path": "./train/r_039",
            "transform_matrix": [
                [
                    -0.7470479607582092,
                    -0.37063485383987427,
                    0.5518596172332764,
                    37.019874572753906
                ],
                [
                    0.6647701859474182,
                    -0.41650789976119995,
                    0.6201626658439636,
                    41.60177993774414
                ],
                [
                    -1.4901162970204496e-08,
                    0.8301512002944946,
                    0.5575382709503174,
                    37.40081024169922
                ],
                [
                    0.0,
                    0.0,
                    0.0,
                    1.0
                ]
            ]
        },
        {
            "file_path": "./train/r_040",
            "transform_matrix": [
                [
                    0.7821476459503174,
                    0.396835058927536,
                    -0.4803820848464966,
                    -32.225013732910156
                ],
                [
                    -0.6230931282043457,
                    0.4981335699558258,
                    -0.6030073165893555,
                    -40.450965881347656
                ],
                [
                    0.0,
                    0.7709636688232422,
                    0.6368790864944458,
                    42.72315216064453
                ],
                [
                    0.0,
                    0.0,
                    0.0,
                    1.0
                ]
            ]
        },
        {
            "file_path": "./train/r_041",
            "transform_matrix": [
                [
                    -0.9974488019943237,
                    -0.029484277591109276,
                    -0.06501203775405884,
                    -4.361140727996826
                ],
                [
                    -0.07138549536466599,
                    0.41197526454925537,
                    0.9083943367004395,
                    60.936954498291016
                ],
                [
                    0.0,
                    0.9107179045677185,
                    -0.41302889585494995,
                    -27.706825256347656
                ],
                [
                    0.0,
                    0.0,
                    0.0,
                    1.0
                ]
            ]
        },
        {
            "file_path": "./train/r_042",
            "transform_matrix": [
                [
                    -0.8648419976234436,
                    0.35013410449028015,
                    -0.35979756712913513,
                    -24.135955810546875
                ],
                [
                    -0.5020442008972168,
                    -0.6031554341316223,
                    0.6198020577430725,
                    41.57759094238281
                ],
                [
                    -1.4901162970204496e-08,
                    0.716664731502533,
                    0.6974173188209534,
                    46.7841796875
                ],
                [
                    0.0,
                    0.0,
                    0.0,
                    1.0
                ]
            ]
        },
        {
            "file_path": "./train/r_043",
            "transform_matrix": [
                [
                    -0.9871058464050293,
                    0.08155353367328644,
                    -0.13773556053638458,
                    -9.239583015441895
                ],
                [
                    -0.16006894409656525,
                    -0.5029205679893494,
                    0.8493813276290894,
                    56.978240966796875
                ],
                [
                    7.450580596923828e-09,
                    0.860476553440094,
                    0.5094899535179138,
                    34.17762756347656
                ],
                [
                    0.0,
                    0.0,
                    0.0,
                    1.0
                ]
            ]
        },
        {
            "file_path": "./train/r_044",
            "transform_matrix": [
                [
                    -0.9978165030479431,
                    0.04842587932944298,
                    -0.044914115220308304,
                    -3.0129306316375732
                ],
                [
                    -0.0660480409860611,
                    -0.7315908074378967,
                    0.6785370707511902,
                    45.51765441894531
                ],
                [
                    0.0,
                    0.6800220012664795,
                    0.7331916689872742,
                    49.183998107910156
                ],
                [
                    0.0,
                    0.0,
                    0.0,
                    1.0
                ]
            ]
        },
        {
            "file_path": "./train/r_045",
            "transform_matrix": [
                [
                    -0.8704372644424438,
                    -0.07819119095802307,
                    0.48603004217147827,
                    32.603885650634766
                ],
                [
                    0.4922794997692108,
                    -0.13825586438179016,
                    0.8593871593475342,
                    57.649444580078125
                ],
                [
                    0.0,
                    0.987305223941803,
                    0.15883494913578033,
                    10.654972076416016
                ],
                [
                    0.0,
                    0.0,
                    0.0,
                    1.0
                ]
            ]
        },
        {
            "file_path": "./train/r_046",
            "transform_matrix": [
                [
                    -0.9962759017944336,
                    -0.008767918683588505,
                    0.08578498661518097,
                    5.75463342666626
                ],
                [
                    0.08623198419809341,
                    -0.10129960626363754,
                    0.9911114573478699,
                    66.48579406738281
                ],
                [
                    9.313233517715958e-10,
                    0.9948172569274902,
                    0.10167832672595978,
                    6.820791244506836
                ],
                [
                    0.0,
                    0.0,
                    0.0,
                    1.0
                ]
            ]
        },
        {
            "file_path": "./train/r_047",
            "transform_matrix": [
                [
                    -0.4734759032726288,
                    -0.59063321352005,
                    0.6534314751625061,
                    43.833526611328125
                ],
                [
                    0.8808067440986633,
                    -0.3174937069416046,
                    0.3512507379055023,
                    23.562623977661133
                ],
                [
                    1.4901161193847656e-08,
                    0.7418558597564697,
                    0.6705591678619385,
                    44.98249053955078
                ],
                [
                    0.0,
                    0.0,
                    0.0,
                    1.0
                ]
            ]
